0.00    -6.28   0.00 
0.01    -6.28   0.00 
0.02    -6.27   0.00 
0.03    -6.26   0.00 
0.04    -6.25   0.00 
0.05    -6.24   0.00 
0.06    -6.23   0.00 
0.07    -6.22   0.00 
0.08    -6.21   0.00 
0.09    -6.20   0.00 
0.10    -6.19   0.00 
0.11    -6.18   0.00 
0.12    -6.17   0.00 
0.13    -6.16   0.00 
0.14    -6.15   0.00 
0.15    -6.14   0.00 
0.16    -6.13   0.00 
0.17    -6.12   0.00 
0.18    -6.11   0.00 
0.19    -6.10   0.00 
0.20    -6.09   0.00 
0.21    -6.08   0.00 
0.22    -6.07   0.00 
0.23    -6.06   0.00 
0.24    -6.05   0.00 
0.25    -6.04   0.00 
0.26    -6.03   0.00 
0.27    -6.02   0.00 
0.28    -6.01   0.00 
0.29    -6.00   0.00 
0.30    -5.99   0.00 
0.31    -5.98   0.00 
0.32    -5.97   0.00 
0.33    -5.96   0.00 
0.34    -5.95   0.00 
0.35    -5.94   0.00 
0.36    -5.93   0.00 
0.37    -5.92   0.00 
0.38    -5.91   0.00 
0.39    -5.90   0.00 
0.40    -5.89   0.00 
0.41    -5.88   0.00 
0.42    -5.87   0.00 
0.43    -5.86   0.00 
0.44    -5.85   0.00 
0.45    -5.84   0.00 
0.46    -5.83   0.00 
0.47    -5.82   0.00 
0.48    -5.81   0.00 
0.49    -5.80   0.00 
0.50    -5.79   0.00 
0.51    -5.78   0.00 
0.52    -5.77   0.00 
0.53    -5.76   0.00 
0.54    -5.75   0.00 
0.55    -5.74   0.00 
0.56    -5.73   0.00 
0.57    -5.72   0.00 
0.58    -5.71   0.00 
0.59    -5.70   0.00 
0.60    -5.69   0.00 
0.61    -5.68   0.00 
0.62    -5.67   0.00 
0.63    -5.66   0.00 
0.64    -5.65   0.00 
0.65    -5.64   0.00 
0.66    -5.63   0.00 
0.67    -5.62   0.00 
0.68    -5.61   0.00 
0.69    -5.60   0.00 
0.70    -5.59   0.00 
0.71    -5.58   0.00 
0.72    -5.57   0.00 
0.73    -5.56   0.00 
0.74    -5.55   0.00 
0.75    -5.54   0.00 
0.76    -5.53   0.00 
0.77    -5.52   0.00 
0.78    -5.51   0.00 
0.79    -5.50   0.00 
0.80    -5.49   0.00 
0.81    -5.48   0.00 
0.82    -5.47   0.00 
0.83    -5.46   0.00 
0.84    -5.45   0.00 
0.85    -5.44   0.00 
0.86    -5.43   0.00 
0.87    -5.42   0.00 
0.88    -5.41   0.00 
0.89    -5.40   0.00 
0.90    -5.39   0.00 
0.91    -5.38   0.00 
0.92    -5.37   0.00 
0.93    -5.36   0.00 
0.94    -5.35   0.00 
0.95    -5.34   0.00 
0.96    -5.33   0.00 
0.97    -5.32   0.00 
0.98    -5.31   0.00 
0.99    -5.30   0.00 
1.00    -5.29   0.00 
1.01    -5.28   0.00 
1.02    -5.27   0.00 
1.03    -5.26   0.00 
1.04    -5.25   0.00 
1.05    -5.24   0.00 
1.06    -5.23   0.00 
1.07    -5.22   0.00 
1.08    -5.21   0.00 
1.09    -5.20   0.00 
1.10    -5.19   0.00 
1.11    -5.18   0.00 
1.12    -5.17   0.00 
1.13    -5.16   0.00 
1.14    -5.15   0.00 
1.15    -5.14   0.00 
1.16    -5.13   0.00 
1.17    -5.12   0.00 
1.18    -5.11   0.00 
1.19    -5.10   0.00 
1.20    -5.09   0.00 
1.21    -5.08   0.00 
1.22    -5.07   0.00 
1.23    -5.06   0.00 
1.24    -5.05   0.00 
1.25    -5.04   0.00 
1.26    -5.03   0.00 
1.27    -5.02   0.00 
1.28    -5.01   0.00 
1.29    -5.00   0.00 
1.30    -4.99   -0.20
1.31    -4.98   -0.20
1.32    -4.97   -0.20
1.33    -4.96   -0.40
1.34    -4.95   -0.40
1.35    -4.94   -0.40
1.36    -4.93   -0.40
1.37    -4.92   -0.40
1.38    -4.91   -0.40
1.39    -4.90   -0.40
1.40    -4.89   -0.40
1.41    -4.88   -0.40
1.42    -4.87   -0.40
1.43    -4.86   -0.40
1.44    -4.85   -0.40
1.45    -4.84   -0.40
1.46    -4.83   -0.40
1.47    -4.82   -0.40
1.48    -4.81   -0.40
1.49    -4.80   -0.40
1.50    -4.79   -0.40
1.51    -4.78   -0.40
1.52    -4.77   -0.40
1.53    -4.76   -0.40
1.54    -4.75   -0.40
1.55    -4.74   -0.40
1.56    -4.73   -0.40
1.57    -4.72   -0.40
1.58    -4.71   -0.40
1.59    -4.70   -0.40
1.60    -4.69   -0.40
1.61    -4.68   -0.40
1.62    -4.67   -0.40
1.63    -4.66   -0.40
1.64    -4.65   -0.40
1.65    -4.64   -0.40
1.66    -4.63   -0.40
1.67    -4.62   -0.40
1.68    -4.61   -0.40
1.69    -4.60   -0.40
1.70    -4.59   -0.40
1.71    -4.58   -0.40
1.72    -4.57   -0.40
1.73    -4.56   -0.40
1.74    -4.55   -0.40
1.75    -4.54   -0.40
1.76    -4.53   -0.40
1.77    -4.52   -0.40
1.78    -4.51   -0.40
1.79    -4.50   -0.40
1.80    -4.49   -0.40
1.81    -4.48   -0.40
1.82    -4.47   -0.40
1.83    -4.46   -0.40
1.84    -4.45   -0.40
1.85    -4.44   -0.40
1.86    -4.43   -0.40
1.87    -4.42   -0.40
1.88    -4.41   -0.40
1.89    -4.40   -0.40
1.90    -4.39   -0.40
1.91    -4.38   -0.40
1.92    -4.37   -0.40
1.93    -4.36   -0.40
1.94    -4.35   -0.40
1.95    -4.34   -0.40
1.96    -4.33   -0.40
1.97    -4.32   -0.40
1.98    -4.31   -0.40
1.99    -4.30   -0.40
2.00    -4.29   -0.40
2.01    -4.28   -0.40
2.02    -4.27   -0.40
2.03    -4.26   -0.40
2.04    -4.25   -0.61
2.05    -4.24   -0.61
2.06    -4.23   -0.61
2.07    -4.22   -0.61
2.08    -4.21   -0.61
2.09    -4.20   -0.61
2.10    -4.19   -0.61
2.11    -4.18   -0.61
2.12    -4.17   -0.61
2.13    -4.16   -0.61
2.14    -4.15   -0.61
2.15    -4.14   -0.61
2.16    -4.13   -0.61
2.17    -4.12   -0.61
2.18    -4.11   -0.61
2.19    -4.10   -0.61
2.20    -4.09   -0.61
2.21    -4.08   -0.61
2.22    -4.07   -0.61
2.23    -4.06   -0.61
2.24    -4.05   -0.61
2.25    -4.04   -0.61
2.26    -4.03   -0.61
2.27    -4.02   -0.61
2.28    -4.01   -0.61
2.29    -4.00   -0.61
2.30    -3.99   -0.61
2.31    -3.98   -0.61
2.32    -3.97   -0.61
2.33    -3.96   -0.61
2.34    -3.95   -0.61
2.35    -3.94   -0.61
2.36    -3.93   -0.61
2.37    -3.92   -0.61
2.38    -3.91   -0.61
2.39    -3.90   -0.61
2.40    -3.89   -0.61
2.41    -3.88   -0.61
2.42    -3.87   -0.61
2.43    -3.86   -0.61
2.44    -3.85   -0.61
2.45    -3.84   -0.61
2.46    -3.83   -0.61
2.47    -3.82   -0.61
2.48    -3.81   -0.61
2.49    -3.80   -0.61
2.50    -3.79   -0.61
2.51    -3.78   -0.61
2.52    -3.77   -0.61
2.53    -3.76   -0.61
2.54    -3.75   -0.61
2.55    -3.74   -0.61
2.56    -3.73   -0.61
2.57    -3.72   -0.61
2.58    -3.71   -0.61
2.59    -3.70   -0.61
2.60    -3.69   -0.61
2.61    -3.68   -0.61
2.62    -3.67   -0.61
2.63    -3.66   -0.61
2.64    -3.65   -0.61
2.65    -3.64   -0.61
2.66    -3.63   -0.61
2.67    -3.62   -0.61
2.68    -3.61   -0.61
2.69    -3.60   -0.61
2.70    -3.59   -0.61
2.71    -3.58   -0.61
2.72    -3.57   -0.61
2.73    -3.56   -0.61
2.74    -3.55   -0.61
2.75    -3.54   -0.61
2.76    -3.53   -0.61
2.77    -3.52   -0.61
2.78    -3.51   -0.61
2.79    -3.50   -0.61
2.80    -3.49   -0.61
2.81    -3.48   -0.40
2.82    -3.47   -0.61
2.83    -3.46   -0.61
2.84    -3.45   -0.61
2.85    -3.44   -0.61
2.86    -3.43   -0.61
2.87    -3.42   -0.61
2.88    -3.41   -0.61
2.89    -3.40   -0.61
2.90    -3.39   -0.61
2.91    -3.38   -0.61
2.92    -3.37   -0.61
2.93    -3.36   -0.61
2.94    -3.35   -0.61
2.95    -3.34   -0.61
2.96    -3.33   -0.61
2.97    -3.32   -0.61
2.98    -3.31   -0.61
2.99    -3.30   -0.61
3.00    -3.29   -0.61
3.01    -3.28   -0.61
3.02    -3.27   -0.61
3.03    -3.26   -0.61
3.04    -3.25   -0.61
3.05    -3.24   -0.61
3.06    -3.23   -0.61
3.07    -3.22   -0.61
3.08    -3.21   -0.61
3.09    -3.20   -0.61
3.10    -3.19   -0.61
3.11    -3.18   -0.61
3.12    -3.17   -0.61
3.13    -3.16   -0.61
3.14    -3.15   -0.61
3.15    -3.14   -0.61
3.16    -3.13   -0.61
3.17    -3.12   -0.61
3.18    -3.11   -0.61
3.19    -3.10   -0.61
3.20    -3.09   -0.61
3.21    -3.08   -0.61
3.22    -3.07   -0.61
3.23    -3.06   -0.61
3.24    -3.05   -0.61
3.25    -3.04   -0.61
3.26    -3.03   -0.61
3.27    -3.02   -0.61
3.28    -3.01   -0.61
3.29    -3.00   -0.61
3.30    -2.99   -0.61
3.31    -2.98   -0.61
3.32    -2.97   -0.61
3.33    -2.96   -0.61
3.34    -2.95   -0.61
3.35    -2.94   -0.61
3.36    -2.93   -0.61
3.37    -2.92   -0.61
3.38    -2.91   -0.61
3.39    -2.90   -0.61
3.40    -2.89   -0.61
3.41    -2.88   -0.61
3.42    -2.87   -0.61
3.43    -2.86   -0.61
3.44    -2.85   -0.61
3.45    -2.84   -0.61
3.46    -2.83   -0.61
3.47    -2.82   -0.61
3.48    -2.81   -0.61
3.49    -2.80   -0.61
3.50    -2.79   -0.61
3.51    -2.78   -0.61
3.52    -2.77   -0.61
3.53    -2.76   -0.61
3.54    -2.75   -0.61
3.55    -2.74   -0.61
3.56    -2.73   -0.61
3.57    -2.72   -0.61
3.58    -2.71   -0.61
3.59    -2.70   -0.61
3.60    -2.69   -0.61
3.61    -2.68   -0.61
3.62    -2.67   -0.61
3.63    -2.66   -0.61
3.64    -2.65   -0.61
3.65    -2.64   -0.61
3.66    -2.63   -0.61
3.67    -2.62   -0.61
3.68    -2.61   -0.61
3.69    -2.60   -0.61
3.70    -2.59   -0.61
3.71    -2.58   -0.61
3.72    -2.57   -0.61
3.73    -2.56   -0.61
3.74    -2.55   -0.61
3.75    -2.54   -0.61
3.76    -2.53   -0.61
3.77    -2.52   -0.61
3.78    -2.51   -0.61
3.79    -2.50   -0.61
3.80    -2.49   -0.61
3.81    -2.48   -0.61
3.82    -2.47   -0.61
3.83    -2.46   -0.61
3.84    -2.45   -0.61
3.85    -2.44   -0.61
3.86    -2.43   -0.61
3.87    -2.42   -0.61
3.88    -2.41   -0.61
3.89    -2.40   -0.61
3.90    -2.39   -0.61
3.91    -2.38   -0.81
3.92    -2.37   -0.81
3.93    -2.36   -0.81
3.94    -2.35   -0.81
3.95    -2.34   -0.81
3.96    -2.33   -1.01
3.97    -2.32   -1.01
3.98    -2.31   -1.01
3.99    -2.30   -1.01
4.00    -2.29   -1.01
4.01    -2.28   -1.01
4.02    -2.27   -1.01
4.03    -2.26   -1.01
4.04    -2.25   -1.01
4.05    -2.24   -1.01
4.06    -2.23   -1.01
4.07    -2.22   -1.01
4.08    -2.21   -1.01
4.09    -2.20   -1.01
4.10    -2.19   -1.01
4.11    -2.18   -1.01
4.12    -2.17   -1.01
4.13    -2.16   -1.01
4.14    -2.15   -1.01
4.15    -2.14   -1.01
4.16    -2.13   -1.01
4.17    -2.12   -1.01
4.18    -2.11   -1.01
4.19    -2.10   -1.01
4.20    -2.09   -1.01
4.21    -2.08   -1.01
4.22    -2.07   -1.01
4.23    -2.06   -1.01
4.24    -2.05   -1.01
4.25    -2.04   -1.01
4.26    -2.03   -1.01
4.27    -2.02   -1.01
4.28    -2.01   -1.01
4.29    -2.00   -1.01
4.30    -1.99   -1.01
4.31    -1.98   -1.01
4.32    -1.97   -1.01
4.33    -1.96   -1.01
4.34    -1.95   -1.01
4.35    -1.94   -1.01
4.36    -1.93   -1.01
4.37    -1.92   -1.21
4.38    -1.91   -1.21
4.39    -1.90   -1.21
4.40    -1.89   -1.21
4.41    -1.88   -1.21
4.42    -1.87   -1.21
4.43    -1.86   -1.21
4.44    -1.85   -1.21
4.45    -1.84   -1.41
4.46    -1.83   -1.41
4.47    -1.82   -1.41
4.48    -1.81   -1.41
4.49    -1.80   -1.41
4.50    -1.79   -1.41
4.51    -1.78   -1.41
4.52    -1.77   -1.41
4.53    -1.76   -1.41
4.54    -1.75   -1.41
4.55    -1.74   -1.41
4.56    -1.73   -1.41
4.57    -1.72   -1.41
4.58    -1.71   -1.41
4.59    -1.70   -1.41
4.60    -1.69   -1.41
4.61    -1.68   -1.41
4.62    -1.67   -1.41
4.63    -1.66   -1.41
4.64    -1.65   -1.41
4.65    -1.64   -1.41
4.66    -1.63   -1.41
4.67    -1.62   -1.41
4.68    -1.61   -1.62
4.69    -1.60   -1.41
4.70    -1.59   -1.41
4.71    -1.58   -1.41
4.72    -1.57   -1.41
4.73    -1.56   -1.41
4.74    -1.55   -1.41
4.75    -1.54   -1.41
4.76    -1.53   -1.41
4.77    -1.52   -1.62
4.78    -1.51   -1.41
4.79    -1.50   -1.41
4.80    -1.49   -1.41
4.81    -1.48   -1.41
4.82    -1.47   -1.41
4.83    -1.46   -1.41
4.84    -1.45   -1.41
4.85    -1.44   -1.41
4.86    -1.43   -1.41
4.87    -1.42   -1.41
4.88    -1.41   -1.41
4.89    -1.40   -1.41
4.90    -1.39   -1.41
4.91    -1.38   -1.62
4.92    -1.37   -1.62
4.93    -1.36   -1.62
4.94    -1.35   -1.62
4.95    -1.34   -1.62
4.96    -1.33   -1.62
4.97    -1.32   -1.62
4.98    -1.31   -1.62
4.99    -1.30   -1.62
5.00    -1.29   -1.62
5.01    -1.28   -1.62
5.02    -1.27   -1.62
5.03    -1.26   -1.62
5.04    -1.25   -1.62
5.05    -1.24   -1.62
5.06    -1.23   -1.62
5.07    -1.22   -1.62
5.08    -1.21   -1.62
5.09    -1.20   -1.62
5.10    -1.19   -1.62
5.11    -1.18   -1.62
5.12    -1.17   -1.62
5.13    -1.16   -1.62
5.14    -1.15   -1.62
5.15    -1.14   -1.62
5.16    -1.13   -1.62
5.17    -1.12   -1.62
5.18    -1.11   -1.62
5.19    -1.10   -1.62
5.20    -1.09   -1.62
5.21    -1.08   -1.62
5.22    -1.07   -1.62
5.23    -1.06   -1.62
5.24    -1.05   -1.62
5.25    -1.04   -1.62
5.26    -1.03   -1.62
5.27    -1.02   -1.62
5.28    -1.01   -1.62
5.29    -1.00   -1.62
5.30    -0.99   -1.62
5.31    -0.98   -1.62
5.32    -0.97   -1.62
5.33    -0.96   -1.62
5.34    -0.95   -1.62
5.35    -0.94   -1.62
5.36    -0.93   -1.62
5.37    -0.92   -1.62
5.38    -0.91   -1.62
5.39    -0.90   -1.62
5.40    -0.89   -1.62
5.41    -0.88   -1.62
5.42    -0.87   -1.62
5.43    -0.86   -1.62
5.44    -0.85   -1.62
5.45    -0.84   -1.62
5.46    -0.83   -1.62
5.47    -0.82   -1.62
5.48    -0.81   -1.62
5.49    -0.80   -1.62
5.50    -0.79   -1.62
5.51    -0.78   -1.62
5.52    -0.77   -1.62
5.53    -0.76   -1.62
5.54    -0.75   -1.62
5.55    -0.74   -1.62
5.56    -0.73   -1.62
5.57    -0.72   -1.62
5.58    -0.71   -1.62
5.59    -0.70   -1.62
5.60    -0.69   -1.62
5.61    -0.68   -1.62
5.62    -0.67   -1.62
5.63    -0.66   -1.62
5.64    -0.65   -1.62
5.65    -0.64   -1.62
5.66    -0.63   -1.62
5.67    -0.62   -1.62
5.68    -0.61   -1.62
5.69    -0.60   -1.62
5.70    -0.59   -1.62
5.71    -0.58   -1.62
5.72    -0.57   -1.62
5.73    -0.56   -1.62
5.74    -0.55   -1.62
5.75    -0.54   -1.62
5.76    -0.53   -1.62
5.77    -0.52   -1.62
5.78    -0.51   -1.62
5.79    -0.50   -1.62
5.80    -0.49   -1.62
5.81    -0.48   -1.62
5.82    -0.47   -1.62
5.83    -0.46   -1.62
5.84    -0.45   -1.62
5.85    -0.44   -1.62
5.86    -0.43   -1.62
5.87    -0.42   -1.62
5.88    -0.41   -1.62
5.89    -0.40   -1.62
5.90    -0.39   -1.62
5.91    -0.38   -1.62
5.92    -0.37   -1.62
5.93    -0.36   -1.62
5.94    -0.35   -1.62
5.95    -0.34   -1.62
5.96    -0.33   -1.62
5.97    -0.32   -1.62
5.98    -0.31   -1.62
5.99    -0.30   -1.62
6.00    -0.29   -1.62
6.01    -0.28   -1.62
6.02    -0.27   -1.62
6.03    -0.26   -1.62
6.04    -0.25   -1.62
6.05    -0.24   -1.62
6.06    -0.23   -1.62
6.07    -0.22   -1.62
6.08    -0.21   -1.62
6.09    -0.20   -1.62
6.10    -0.19   -1.62
6.11    -0.18   -1.62
6.12    -0.17   -1.62
6.13    -0.16   -1.62
6.14    -0.15   -1.62
6.15    -0.14   -1.62
6.16    -0.13   -1.62
6.17    -0.12   -1.62
6.18    -0.11   -1.62
6.19    -0.10   -1.62
6.20    -0.09   -1.62
6.21    -0.08   -1.62
6.22    -0.07   -1.62
6.23    -0.06   -1.62
6.24    -0.05   -1.62
6.25    -0.04   -1.62
6.26 -0.03 -1.62
6.27 -0.02 -1.62